14    4
10    20    8     10
0     0     0     0     0     3     2     3     4
6     7     15    2     6     1     9
5     1     8     4     8     3     5     6     7
3     5     8     3     3     1     8
1     6     15    2     6     1     10
3     1     13    0     3     1     12
2     2     16    2     0     1     11
1     2     9     4     4     1     13
4     8     12    5     5     1     14
3     6     17    5     0     1     12
1     2     10    2     5     1     12
3     6     5     5     4     1     13
5     8     10    3     7     1     14
0     0     0     0     0     0